original	connected	weight	capacity
10	3	0,010	100,000
22	20	0,040	25,000
15	20	0,040	25,000
3	14	0,645	1,550
7	19	0,040	25,000
10	11	0,040	25,000
5	8	0,040	25,000
7	17	0,010	100,000
3	11	0,040	25,000
13	19	0,040	25,000
8	9	0,040	25,000
3	21	0,010	100,000
14	13	0,645	1,550
2	13	0,010	100,000
6	19	0,645	1,550
12	22	0,010	100,000
16	10	0,010	100,000
1	7	0,010	100,000
3	1	0,010	100,000
2	4	0,010	100,000
17	13	0,010	100,000
1	16	0,010	100,000
9	15	0,040	25,000
20	17	0,010	100,000
2	18	0,040	25,000
17	10	0,010	100,000
6	7	0,645	1,550
16	5	0,040	25,000
4	16	0,010	100,000
2	23	0,040	25,000
7	21	0,010	100,000
12	10	0,010	100,000
7	2	0,010	100,000
17	23	0,040	25,000
21	18	0,040	25,000
16	9	0,010	100,000
2	12	0,010	100,000
