10  3   100.0
22  20  25.0
15  20  25.0
3   14  1.55
7   19  25.0
10  11  25.0
5   8   25.0
7   17  100.0
3   11  25.0
13  19  25.0
8   9   25.0
3   21  100.0
14  13  1.55
2   13  100.0
6   19  1.55
12  22  100.0
16  10  100.0
1   7   100.0
3   1   100.0
2   4   100.0
17  13  100.0
1   16  100.0
9   15  25.0
20  17  100.0
2   18  25.0
17  10  100.0
6   7   1.55
16  5   25.0
4   16  100.0
2   23  25.0
7   21  100.0
12  10  100.0
7   2   100.0
17  23  25.0
21  18  25.0
16  9   100.0
2   12  100.0
3   10  100.0
20  22  25.0
20  15  25.0
14  3   1.55
19  7   25.0
11  10  25.0
8   5   25.0
17  7   100.0
11  3   25.0
19  13  25.0
9   8   25.0
21  3   100.0
13  14  1.55
13  2   100.0
19  6   1.55
22  12  100.0
10  16  100.0
7   1   100.0
1   3   100.0
4   2   100.0
13  17  100.0
16  1   100.0
15  9   25.0
17  20  100.0
18  2   25.0
10  17  100.0
7   6   1.55
5   16  25.0
16  4   100.0
23  2   25.0
21  7   100.0
10  12  100.0
2   7   100.0
23  17  25.0
18  21  25.0
9   16  100.0
12  2   100.0
