0.996371030807
1.11164903641
1.00475406647
1.03260493279
1.14485001564
1.01872086525
1.02968406677
1.00166201591
1.00565004349
0.987444877625
0.988336801529
1.05074691772
1.03642606735
1.03755307198
1.052932024
1.05067205429
1.05497193336
1.0351099968
1.0512239933
1.03338003159
1.02210116386
1.03846693039
1.04315090179
1.04445791245
1.03662586212
1.04479193687
1.02882003784
1.03448605537
1.03146195412
1.04622006416
1.02716898918
1.02416491508
1.03709602356
1.04305505753
1.25178408623
1.04042196274
1.05913114548
1.06267404556
1.07445192337
1.10728216171
1.03471779823
1.01928591728
1.01379489899
